{
    "default_pipline": "CONVOLUTION_FILTER",
    "default_filter": "SOBEL",
    "default_shader": "sobelFilter",
    "default_btn": "f_SobelFilter",
    "user_selected": "./image/lion.png",
    "user_params": {
        "laplacianCoef": [1.0, 1.0, 1.0,
            1.0, -8.0, 1.0,
            1.0, 1.0, 1.0
        ],
        "sobelHorCoef": [1.0, 0.0, -1.0,
            2.0, 0.0, -2.0,
            1.0, 0.0, -1.0
        ],

        "sobelVerCoef": [1.0, 2.0, 1.0,
            0.0, 0.0, 0.0, -1.0, -2.0, -1.0
        ],
        "gaussianWeight": [0.18543236601139526, 0.15801503896991967, 0.1147424683911689, 0.0710007337752964, 0.03743814902121118, 0.016822044718167, 0.006441041250141352, 0.0021015816162546458, 0.000584318079265502, 0.00013844117287781785],

        "gkweight": [0.8322, 0.8758, 0.903, 0.9123, 0.903, 0.8758, 0.8322, 0.8758, 0.9216, 0.9503, 0.96, 0.9503, 0.9216, 0.8758, 0.903, 0.9503, 0.9798, 0.9898, 0.9798, 0.9503, 0.903, 0.9123, 0.96, 0.9898, 1.0, 0.9898, 0.96, 0.9123, 0.903, 0.9503, 0.9798, 0.9898, 0.9798, 0.9503, 0.903, 0.8758, 0.9216, 0.9503, 0.96, 0.9503, 0.9216, 0.8758, 0.8322, 0.8758, 0.903, 0.9123, 0.903, 0.8758, 0.8322]
    }

}